SWITCH DATAFILE 836,837,838,839,840,841,842,843,844,845,846,847,848,849,850,851,852,853,854,855,856,857,858,859,860,861,862,863,864,865,866,867,868,869,870,871,872,873,874,875,876,877,878,879,880,881,882,883,884,885,886,887,888 to copy;
SWITCH DATAFILE 800,801,802,803,804,805,806,807,808,809,810,811,812,813,814,815,816,817,818,819,820 to copy;
SWITCH DATAFILE 821,822,823,824,825,826,827,828,829,830,831,832,833,834,835 to copy;
SWITCH DATAFILE 11,12,1,2,3,13,4,14,15,6,5,7,8,9,10,16,17,18,19,20,21,22,23,24,25,26,27,28,29,30,31,32,33,34,35,36,37,38,39,40,41,42,43,44,45,46,47,48,49,50,51,52,53,54,55,56,57,58,59,60,61,62,63,64,65,66,67,68,69,70,71,72,73,74,75,76,77,78,79,80,90,83,84,85,110,186,187,188,189,190,191,210,211,212,213,214,215,250,251,252,253,254,255,256,257,258,259,260,261,262,263,264,265,266,267,268,269,270,271,272,273,274,275,276,277,278,279,280,281,282,283,284,285,286,287,288,289,290,291,292,293,294,295,296,297,298,299,300,301,302,303,304,305,306,307,308,309,310,311,312,313,314,315,316,317,318,319,320,321,322,323,324,325,326,327,328,329,423,424,425,426,427,428,429,430,471,593,594,595,596,597,598,599,600,601,602,603,604,605,606,607,608,609,610,611,612,613,614,615,616,617,618,619,620,621,622,623,624,625,626,627,628,629,630,631,632,633,634,635,636,637,638,639,640,641,642,643,644,645,646,647,648,649,650,651,652,653,654,655,656,657,658,659,660,661,662,663,664,665,666,667,668,669,670,671,672,673,674 to copy;


delete noprompt copy of datafile  11,12,1,2,3,13,4,14,15,6,5,7,8,9,10,16,17,18,19,20,21,22,23,24,25,26,27,28,29,30,31,32,33,34,35,36,37,38,39,40,41,42,43,44,45,46,47,48,49,50,51,52,53,54,55,56,57,58,59,60,61,62,63,64,65,66,67,68,69,70,71,72,73,74,75,76,77,78,79,80,90,83,84,85,110,186,187,188,189,190,191,210,211,212,213,214,215,250,251,252,253,254,255,256,257,258,259,260,261,262,263,264,265,266,267,268,269,270,271,272,273,274,275,276,277,278,279,280,281,282,283,284,285,286,287,288,289,290,291,292,293,294,295,296,297,298,299,300,301,302,303,304,305,306,307,308,309,310,311,312,313,314,315,316,317,318,319,320,321,322,323,324,325,326,327,328,329,423,424,425,426,427,428,429,430,471,593,594,595,596,597,598,599,600,601,602,603,604,605,606,607,608,609,610,611,612,613,614,615,616,617,618,619,620,621,622,623,624,625,626,627,628,629,630,631,632,633,634,635,636,637,638,639,640,641,642,643,644,645,646,647,648,649,650,651,652,653,654,655,656,657,658,659,660,661,662,663,664,665,666,667,668,669,670,671,672,673,674;
delete noprompt copy of datafile 800,801,802,803,804,805,806,807,808,809,810,811,812,813,814,815,816,817,818,819,820
delete noprompt copy of datafile 821,822,823,824,825,826,827,828,829,830,831,832,833,834,835;
delete noprompt copy of datafile 836,837,838,839,840,841,842,843,844,845,846,847,848,849,850,851,852,853,854,855,856,857,858,859,860,861,862,863,864,865,866,867,868,869,870,871,872,873,874,875,876,877,878,879,880,881,882,883,884,885,886,887,888;


select 'BACKUP AS COPY DATAFILE ' || FILE_id || ' FORMAT "+HST_DG";' 
from dba_data_files 
where tablespace_name like '%EDW%'
and file_name like '%+HST_DG%';


select 'BACKUP AS COPY DATAFILE ' || FILE# || ' FORMAT "+HST_DG";' 
from v$datafile 
where name like '+HST_DG%';



select 'BACKUP AS COPY DATAFILE ' || FILE_id || ' FORMAT "+DATAC1";' 
from dba_data_files 
where file_name like '+RECO%';


select 'set newname for datafile ' || FILE# || ' to "+DATA";' 
from v$datafile;






run 
{
BACKUP AS COPY DATAFILE 1392 FORMAT '+DATA_DG';
BACKUP AS COPY DATAFILE 1393 FORMAT '+DATA_DG';
BACKUP AS COPY DATAFILE 1394 FORMAT '+DATA_DG';
BACKUP AS COPY DATAFILE 1395 FORMAT '+DATA_DG';
BACKUP AS COPY DATAFILE 1396 FORMAT '+DATA_DG';
BACKUP AS COPY DATAFILE 1397 FORMAT '+DATA_DG';
}

alter database datafile 1392 offline;
alter database datafile 1393 offline;
alter database datafile 1394 offline;
alter database datafile 1395 offline;
alter database datafile 1396 offline;
alter database datafile 1397 offline;

SWITCH DATAFILE 1392,1393,1394,1395,1396,1397 to copy;

RECOVER DATAFILE 1392,1393,1394,1395,1396,1397;

alter database datafile 1392 online;
alter database datafile 1393 online;
alter database datafile 1394 online;
alter database datafile 1395 online;
alter database datafile 1396 online;
alter database datafile 1397 online;

delete copy of datafile 1392,1393,1394,1395,1396,1397;